%%MatrixMarket matrix coordinate real general
1182 1182 32747
1 1  1.0000000000000e+00
2 2  1.0000000000000e+00
3 3  1.0000000000000e+00
4 4  1.0000000000000e+00
1 5 -3.3333333333323e-02
2 5 -2.7777777777773e-02
3 5 -2.2222222222224e-01
4 5  1.3322676295502e-15
5 5  3.7333333333326e+00
6 5 -1.0658141036401e-14
7 5  2.2222222222155e-02
8 5 -4.4408920985006e-16
9 5  1.9999999999997e-01
10 5  1.1111111111109e-01
11 5 -8.8888888888901e-02
12 5 -5.3290705182007e-15
13 5 -1.1111111111109e+00
14 5  3.5527136788005e-15
15 5  1.3333333333331e-01
16 5  1.1111111111110e-01
17 5 -5.3333333333322e-01
18 5 -4.4444444444441e-01
19 5 -1.6666666666663e-02
20 5 -1.1111111111108e-02
21 5 -1.6666666666663e-02
22 5 -2.2222222222224e-01
23 5  2.2204460492503e-15
24 5 -3.3333333333323e-02
25 5  2.7777777777772e-02
26 5 -8.8888888888624e-02
27 5 -5.3290705182007e-15
28 5  1.9999999999998e-01
29 5 -1.1111111111109e-01
30 5  1.3333333333332e-01
31 5 -1.1111111111110e-01
32 5 -5.3333333333334e-01
33 5  4.4444444444441e-01
34 5 -1.6666666666667e-02
35 5 -1.1111111111111e-02
36 5  1.6666666666666e-02
157 5 -3.3333333333322e-02
158 5  2.7777777777772e-02
159 5  2.2222222222164e-02
160 5 -8.8817841970013e-16
161 5  1.9999999999997e-01
162 5 -1.1111111111109e-01
163 5  1.3333333333331e-01
164 5 -1.1111111111110e-01
165 5 -1.1111111111108e+00
166 5  2.1316282072803e-14
167 5 -5.3333333333324e-01
168 5  4.4444444444441e-01
169 5  1.6666666666662e-02
170 5 -1.1111111111107e-02
171 5  1.6666666666663e-02
172 5 -3.3333333333322e-02
173 5 -2.7777777777772e-02
174 5  1.3333333333331e-01
175 5  1.1111111111110e-01
176 5  1.9999999999999e-01
177 5  1.1111111111109e-01
178 5 -5.3333333333336e-01
179 5 -4.4444444444441e-01
180 5  1.6666666666668e-02
181 5 -1.1111111111111e-02
182 5 -1.6666666666667e-02
1 6 -2.7777777777773e-02
2 6 -3.3333333333322e-02
3 6  2.2204460492503e-15
4 6  2.2222222222155e-02
5 6 -1.0658141036401e-14
6 6  3.7333333333326e+00
7 6  4.4408920985006e-16
8 6 -2.2222222222224e-01
9 6  1.1111111111110e-01
10 6  1.3333333333330e-01
11 6 -1.2434497875802e-14
12 6 -1.1111111111109e+00
13 6  5.3290705182007e-15
14 6 -8.8888888888805e-02
15 6  1.1111111111109e-01
16 6  1.9999999999998e-01
17 6 -4.4444444444441e-01
18 6 -5.3333333333325e-01
19 6 -1.6666666666665e-02
20 6 -1.6666666666665e-02
21 6 -1.1111111111109e-02
22 6  1.3322676295502e-15
23 6  2.2222222222148e-02
24 6  2.7777777777772e-02
25 6 -3.3333333333321e-02
26 6 -5.3290705182007e-15
27 6 -1.1111111111107e+00
28 6 -1.1111111111110e-01
29 6  1.3333333333331e-01
30 6 -1.1111111111109e-01
31 6  1.9999999999997e-01
32 6  4.4444444444441e-01
33 6 -5.3333333333330e-01
34 6  1.6666666666665e-02
35 6  1.6666666666665e-02
36 6 -1.1111111111109e-02
157 6  2.7777777777772e-02
158 6 -3.3333333333324e-02
159 6 -3.1086244689504e-15
160 6 -2.2222222222223e-01
161 6 -1.1111111111110e-01
162 6  1.3333333333331e-01
163 6 -1.1111111111109e-01
164 6  1.9999999999999e-01
165 6  2.3092638912203e-14
166 6 -8.8888888888780e-02
167 6  4.4444444444441e-01
168 6 -5.3333333333331e-01
169 6 -1.6666666666665e-02
170 6  1.6666666666665e-02
171 6 -1.1111111111109e-02
172 6 -2.7777777777772e-02
173 6 -3.3333333333321e-02
174 6  1.1111111111109e-01
175 6  1.9999999999995e-01
176 6  1.1111111111110e-01
177 6  1.3333333333332e-01
178 6 -4.4444444444441e-01
179 6 -5.3333333333330e-01
180 6  1.6666666666665e-02
181 6 -1.6666666666665e-02
182 6 -1.1111111111109e-02
7 7  1.0000000000000e+00
8 8  1.0000000000000e+00
9 9  1.0000000000000e+00
10 10  1.0000000000000e+00
1 11  1.3333333333332e-01
2 11  1.1111111111109e-01
3 11 -8.8888888888643e-02
4 11  1.0658141036401e-14
5 11 -8.8888888888901e-02
6 11 -1.2434497875802e-14
7 11  1.3333333333331e-01
8 11 -1.1111111111109e-01
9 11 -5.3333333333328e-01
10 11 -4.4444444444435e-01
11 11  6.3999999999995e+00
12 11 -2.3092638912203e-14
13 11 -5.3333333333326e-01
14 11  4.4444444444436e-01
15 11  1.7777777777768e-01
16 11 -5.3290705182007e-15
17 11 -2.4888888888887e+00
18 11  8.8817841970013e-16
19 11 -6.6666666666667e-02
20 11 -4.4444444444441e-02
21 11  1.3322676295502e-15
157 11  1.3333333333331e-01
158 11 -1.1111111111109e-01
159 11  1.3333333333330e-01
160 11  1.1111111111109e-01
161 11 -5.3333333333330e-01
162 11  4.4444444444435e-01
163 11  1.7777777777770e-01
164 11 -2.6645352591004e-15
165 11 -5.3333333333323e-01
166 11 -4.4444444444435e-01
167 11 -2.4888888888888e+00
168 11  1.2434497875802e-14
169 11  6.6666666666667e-02
170 11 -4.4444444444441e-02
171 11 -1.6653345369377e-15
1 12  1.1111111111111e-01
2 12  1.9999999999997e-01
3 12  3.5527136788005e-15
4 12 -1.1111111111107e+00
5 12 -5.3290705182007e-15
6 12 -1.1111111111109e+00
7 12 -1.1111111111110e-01
8 12  1.9999999999998e-01
9 12 -4.4444444444445e-01
10 12 -5.3333333333323e-01
11 12 -2.3092638912203e-14
12 12  5.3333333333326e+00
13 12  4.4444444444447e-01
14 12 -5.3333333333330e-01
15 12 -5.3290705182007e-15
16 12 -1.7777777777780e-01
17 12  0.0000000000000e+00
18 12 -7.1111111111113e-01
19 12  6.6613381477509e-16
20 12  4.9960036108132e-16
21 12  2.2222222222218e-02
157 12 -1.1111111111110e-01
158 12  1.9999999999996e-01
159 12  1.1111111111110e-01
160 12  1.9999999999997e-01
161 12  4.4444444444446e-01
162 12 -5.3333333333326e-01
163 12 -2.6645352591004e-15
164 12 -1.7777777777779e-01
165 12 -4.4444444444446e-01
166 12 -5.3333333333324e-01
167 12  1.5099033134902e-14
168 12 -7.1111111111113e-01
169 12 -6.1062266354384e-16
170 12  5.5511151231258e-16
171 12  2.2222222222218e-02
1 13  1.9999999999999e-01
2 13  1.1111111111110e-01
3 13  1.9999999999998e-01
4 13 -1.1111111111110e-01
5 13 -1.1111111111109e+00
6 13  5.3290705182007e-15
7 13 -1.1111111111108e+00
8 13  5.3290705182007e-15
9 13 -1.7777777777780e-01
10 13  1.1035068606490e-14
11 13 -5.3333333333326e-01
12 13  4.4444444444447e-01
13 13  5.3333333333326e+00
14 13 -3.8468885141834e-14
15 13 -5.3333333333325e-01
16 13 -4.4444444444446e-01
17 13 -7.1111111111122e-01
18 13 -1.5543122344752e-14
19 13 -3.4985731732787e-16
20 13  2.2222222222216e-02
21 13 -5.9674487573602e-16
22 13  1.9999999999997e-01
23 13  1.1111111111110e-01
24 13  1.9999999999998e-01
25 13 -1.1111111111110e-01
26 13 -5.3333333333325e-01
27 13 -4.4444444444445e-01
28 13 -1.7777777777781e-01
29 13  5.8677342820004e-15
30 13 -5.3333333333333e-01
31 13  4.4444444444446e-01
32 13 -7.1111111111094e-01
33 13  1.2878587085652e-14
34 13 -6.0856669497973e-16
35 13  2.2222222222220e-02
36 13 -5.5511151231258e-17
1 14  1.1111111111109e-01
2 14  1.3333333333332e-01
3 14 -1.1111111111109e-01
4 14  1.3333333333331e-01
5 14  3.5527136788005e-15
6 14 -8.8888888888805e-02
7 14  1.7763568394003e-15
8 14 -8.8888888888780e-02
9 14  1.0924046304028e-14
10 14  1.7777777777769e-01
11 14  4.4444444444436e-01
12 14 -5.3333333333330e-01
13 14 -3.8468885141834e-14
14 14  6.3999999999995e+00
15 14 -4.4444444444436e-01
16 14 -5.3333333333328e-01
17 14 -1.2767564783189e-14
18 14 -2.4888888888889e+00
19 14 -6.6666666666666e-02
20 14 -2.0122792321331e-16
21 14 -4.4444444444441e-02
22 14  1.1111111111109e-01
23 14  1.3333333333330e-01
24 14 -1.1111111111109e-01
25 14  1.3333333333331e-01
26 14 -4.4444444444435e-01
27 14 -5.3333333333322e-01
28 14  6.4228457943130e-15
29 14  1.7777777777767e-01
30 14  4.4444444444436e-01
31 14 -5.3333333333330e-01
32 14  1.1990408665952e-14
33 14 -2.4888888888885e+00
34 14  6.6666666666667e-02
35 14 -4.0939474033053e-16
36 14 -4.4444444444441e-02
15 15  1.0000000000000e+00
16 16  1.0000000000000e+00
1 17 -5.3333333333341e-01
2 17 -4.4444444444443e-01
3 17 -5.3333333333332e-01
4 17  4.4444444444442e-01
5 17 -5.3333333333322e-01
6 17 -4.4444444444441e-01
7 17 -5.3333333333326e-01
8 17  4.4444444444441e-01
9 17 -7.1111111111089e-01
10 17 -5.7398530373121e-14
11 17 -2.4888888888887e+00
12 17  0.0000000000000e+00
13 17 -7.1111111111122e-01
14 17 -1.2767564783189e-14
15 17 -2.4888888888886e+00
16 17  3.1086244689504e-14
17 17  8.5333333333327e+00
18 17  4.9886021239825e-14
19 17 -5.5511151231258e-17
20 17  8.8888888888882e-02
21 17  7.7715611723761e-16
1 18 -4.4444444444443e-01
2 18 -5.3333333333334e-01
3 18  4.4444444444442e-01
4 18 -5.3333333333328e-01
5 18 -4.4444444444441e-01
6 18 -5.3333333333325e-01
7 18  4.4444444444440e-01
8 18 -5.3333333333328e-01
9 18 -5.6510351953420e-14
10 18 -2.4888888888885e+00
11 18  8.8817841970013e-16
12 18 -7.1111111111113e-01
13 18 -1.5543122344752e-14
14 18 -2.4888888888889e+00
15 18  3.3750779948605e-14
16 18 -7.1111111111103e-01
17 18  4.9886021239825e-14
18 18  8.5333333333326e+00
19 18 -2.2204460492503e-16
20 18 -5.1810407815838e-16
21 18  8.8888888888881e-02
19 19  1.0000000000000e+00
1 20  1.1111111111111e-02
2 20  1.6666666666665e-02
3 20  1.1111111111111e-02
4 20 -1.6666666666665e-02
5 20  1.1111111111108e-02
6 20  1.6666666666665e-02
7 20  1.1111111111109e-02
8 20 -1.6666666666665e-02
9 20 -2.2222222222219e-02
10 20  2.0122792321331e-16
11 20  4.4444444444441e-02
12 20 -4.9960036108132e-16
13 20 -2.2222222222216e-02
14 20  2.0122792321331e-16
15 20  4.4444444444438e-02
16 20 -1.1102230246252e-16
17 20 -8.8888888888882e-02
18 20  5.1810407815838e-16
1 21  1.6666666666666e-02
2 21  1.1111111111109e-02
3 21 -1.6666666666667e-02
4 21  1.1111111111109e-02
5 21  1.6666666666663e-02
6 21  1.1111111111109e-02
7 21 -1.6666666666663e-02
8 21  1.1111111111109e-02
9 21  3.4139358007224e-15
10 21  4.4444444444440e-02
11 21 -1.3322676295502e-15
12 21 -2.2222222222218e-02
13 21  5.9674487573602e-16
14 21  4.4444444444441e-02
15 21 -9.9920072216264e-16
16 21 -2.2222222222218e-02
17 21 -7.7715611723761e-16
18 21 -8.8888888888881e-02
5 22 -2.2222222222224e-01
6 22  1.3322676295502e-15
7 22 -3.3333333333320e-02
8 22 -2.7777777777772e-02
13 22  1.9999999999997e-01
14 22  1.1111111111109e-01
22 22  3.7333333333326e+00
23 22  2.3980817331903e-14
24 22  2.2222222222166e-02
25 22  1.7763568394003e-15
26 22 -8.8888888888888e-02
27 22 -8.8817841970013e-15
28 22 -1.1111111111109e+00
29 22  1.7763568394003e-15
30 22  1.3333333333330e-01
31 22  1.1111111111110e-01
32 22 -5.3333333333323e-01
33 22 -4.4444444444441e-01
34 22 -1.6666666666663e-02
35 22 -1.1111111111108e-02
36 22 -1.6666666666664e-02
37 22 -2.2222222222224e-01
38 22 -8.8817841970013e-16
39 22 -3.3333333333323e-02
40 22  2.7777777777772e-02
41 22 -8.8888888888582e-02
42 22 -8.8817841970013e-15
43 22  1.9999999999997e-01
44 22 -1.1111111111109e-01
45 22  1.3333333333331e-01
46 22 -1.1111111111110e-01
47 22 -5.3333333333332e-01
48 22  4.4444444444441e-01
49 22 -1.6666666666668e-02
50 22 -1.1111111111111e-02
51 22  1.6666666666667e-02
159 22 -3.3333333333322e-02
160 22  2.7777777777772e-02
165 22  1.9999999999996e-01
166 22 -1.1111111111109e-01
172 22  2.2222222222155e-02
173 22 -3.9968028886506e-15
174 22  1.3333333333330e-01
175 22 -1.1111111111110e-01
176 22 -1.1111111111108e+00
177 22  1.7763568394003e-14
178 22 -5.3333333333316e-01
179 22  4.4444444444440e-01
180 22  1.6666666666661e-02
181 22 -1.1111111111107e-02
182 22  1.6666666666663e-02
183 22 -3.3333333333323e-02
184 22 -2.7777777777772e-02
185 22  1.3333333333331e-01
186 22  1.1111111111110e-01
187 22  1.9999999999999e-01
188 22  1.1111111111109e-01
189 22 -5.3333333333340e-01
190 22 -4.4444444444442e-01
191 22  1.6666666666668e-02
192 22 -1.1111111111112e-02
193 22 -1.6666666666667e-02
5 23  2.2204460492503e-15
6 23  2.2222222222148e-02
7 23 -2.7777777777772e-02
8 23 -3.3333333333319e-02
13 23  1.1111111111110e-01
14 23  1.3333333333330e-01
22 23  2.3980817331903e-14
23 23  3.7333333333326e+00
24 23  1.7763568394003e-15
25 23 -2.2222222222222e-01
26 23 -1.4210854715202e-14
27 23 -1.1111111111109e+00
28 23  5.3290705182007e-15
29 23 -8.8888888888878e-02
30 23  1.1111111111109e-01
31 23  1.9999999999997e-01
32 23 -4.4444444444441e-01
33 23 -5.3333333333325e-01
34 23 -1.6666666666665e-02
35 23 -1.6666666666665e-02
36 23 -1.1111111111109e-02
37 23  4.4408920985006e-16
38 23  2.2222222222158e-02
39 23  2.7777777777772e-02
40 23 -3.3333333333322e-02
41 23 -1.5987211554602e-14
42 23 -1.1111111111106e+00
43 23 -1.1111111111110e-01
44 23  1.3333333333330e-01
45 23 -1.1111111111109e-01
46 23  1.9999999999996e-01
47 23  4.4444444444441e-01
48 23 -5.3333333333326e-01
49 23  1.6666666666665e-02
50 23  1.6666666666665e-02
51 23 -1.1111111111109e-02
159 23  2.7777777777772e-02
160 23 -3.3333333333322e-02
165 23 -1.1111111111110e-01
166 23  1.3333333333330e-01
172 23 -3.9968028886506e-15
173 23 -2.2222222222224e-01
174 23 -1.1111111111109e-01
175 23  1.9999999999998e-01
176 23  1.7763568394003e-14
177 23 -8.8888888888788e-02
178 23  4.4444444444440e-01
179 23 -5.3333333333324e-01
180 23 -1.6666666666665e-02
181 23  1.6666666666665e-02
182 23 -1.1111111111109e-02
183 23 -2.7777777777772e-02
184 23 -3.3333333333321e-02
185 23  1.1111111111109e-01
186 23  1.9999999999996e-01
187 23  1.1111111111110e-01
188 23  1.3333333333332e-01
189 23 -4.4444444444442e-01
190 23 -5.3333333333332e-01
191 23  1.6666666666665e-02
192 23 -1.6666666666665e-02
193 23 -1.1111111111109e-02
24 24  1.0000000000000e+00
25 25  1.0000000000000e+00
5 26 -8.8888888888624e-02
6 26 -5.3290705182007e-15
7 26  1.3333333333330e-01
8 26  1.1111111111109e-01
13 26 -5.3333333333325e-01
14 26 -4.4444444444435e-01
22 26 -8.8888888888888e-02
23 26 -1.4210854715202e-14
24 26  1.3333333333331e-01
25 26 -1.1111111111109e-01
26 26  6.3999999999995e+00
27 26  8.8817841970013e-15
28 26 -5.3333333333329e-01
29 26  4.4444444444436e-01
30 26  1.7777777777771e-01
31 26  2.6645352591004e-15
32 26 -2.4888888888888e+00
33 26 -5.3290705182007e-15
34 26 -6.6666666666667e-02
35 26 -4.4444444444442e-02
36 26  8.8817841970013e-16
159 26  1.3333333333332e-01
160 26 -1.1111111111109e-01
165 26 -5.3333333333329e-01
166 26  4.4444444444435e-01
172 26  1.3333333333331e-01
173 26  1.1111111111109e-01
174 26  1.7777777777769e-01
175 26 -1.3322676295502e-15
176 26 -5.3333333333329e-01
177 26 -4.4444444444436e-01
178 26 -2.4888888888887e+00
179 26  2.1316282072803e-14
180 26  6.6666666666667e-02
181 26 -4.4444444444442e-02
182 26 -8.3266726846887e-16
5 27 -5.3290705182007e-15
6 27 -1.1111111111107e+00
7 27  1.1111111111110e-01
8 27  1.9999999999995e-01
13 27 -4.4444444444445e-01
14 27 -5.3333333333322e-01
22 27 -8.8817841970013e-15
23 27 -1.1111111111109e+00
24 27 -1.1111111111110e-01
25 27  1.9999999999997e-01
26 27  8.8817841970013e-15
27 27  5.3333333333325e+00
28 27  4.4444444444446e-01
29 27 -5.3333333333329e-01
30 27  2.2204460492503e-15
31 27 -1.7777777777777e-01
32 27 -5.3290705182007e-15
33 27 -7.1111111111115e-01
34 27 -1.6653345369377e-16
35 27 -1.6653345369377e-16
36 27  2.2222222222218e-02
159 27 -1.1111111111110e-01
160 27  1.9999999999997e-01
165 27  4.4444444444446e-01
166 27 -5.3333333333326e-01
172 27  1.1111111111110e-01
173 27  1.9999999999998e-01
174 27 -4.4408920985006e-16
175 27 -1.7777777777779e-01
176 27 -4.4444444444447e-01
177 27 -5.3333333333330e-01
178 27  1.8651746813703e-14
179 27 -7.1111111111110e-01
180 27 -2.2204460492503e-16
181 27  2.7755575615629e-16
182 27  2.2222222222218e-02
5 28  1.9999999999998e-01
6 28 -1.1111111111110e-01
7 28  1.9999999999997e-01
8 28  1.1111111111110e-01
13 28 -1.7777777777781e-01
14 28  6.4228457943130e-15
22 28 -1.1111111111109e+00
23 28  5.3290705182007e-15
24 28 -1.1111111111109e+00
25 28 -5.3290705182007e-15
26 28 -5.3333333333329e-01
27 28  4.4444444444446e-01
28 28  5.3333333333327e+00
29 28 -4.3812004778557e-14
30 28 -5.3333333333323e-01
31 28 -4.4444444444446e-01
32 28 -7.1111111111112e-01
33 28  7.3274719625260e-15
34 28 -5.4328969306887e-16
35 28  2.2222222222217e-02
36 28 -7.9797279894933e-16
37 28  1.9999999999998e-01
38 28  1.1111111111110e-01
39 28  1.9999999999999e-01
40 28 -1.1111111111110e-01
41 28 -5.3333333333329e-01
42 28 -4.4444444444446e-01
43 28 -1.7777777777781e-01
44 28  1.9175333474700e-15
45 28 -5.3333333333339e-01
46 28  4.4444444444447e-01
47 28 -7.1111111111081e-01
48 28  1.7097434579227e-14
49 28  5.3163920453885e-16
50 28  2.2222222222222e-02
51 28 -5.7592819402430e-16
5 29 -1.1111111111109e-01
6 29  1.3333333333331e-01
7 29  1.1111111111109e-01
8 29  1.3333333333330e-01
13 29  5.8677342820004e-15
14 29  1.7777777777767e-01
22 29  1.7763568394003e-15
23 29 -8.8888888888878e-02
24 29 -1.0658141036401e-14
25 29 -8.8888888888818e-02
26 29  4.4444444444436e-01
27 29 -5.3333333333329e-01
28 29 -4.3812004778557e-14
29 29  6.3999999999993e+00
30 29 -4.4444444444435e-01
31 29 -5.3333333333324e-01
32 29  5.2180482157382e-15
33 29 -2.4888888888887e+00
34 29 -6.6666666666666e-02
35 29  4.0245584642662e-16
36 29 -4.4444444444441e-02
37 29  1.1111111111109e-01
38 29  1.3333333333330e-01
39 29 -1.1111111111109e-01
40 29  1.3333333333332e-01
41 29 -4.4444444444435e-01
42 29 -5.3333333333322e-01
43 29  1.4734441376199e-15
44 29  1.7777777777768e-01
45 29  4.4444444444436e-01
46 29 -5.3333333333333e-01
47 29  2.0095036745715e-14
48 29 -2.4888888888884e+00
49 29  6.6666666666666e-02
50 29 -5.9674487573602e-16
51 29 -4.4444444444441e-02
30 30  1.0000000000000e+00
31 31  1.0000000000000e+00
5 32 -5.3333333333334e-01
6 32  4.4444444444441e-01
7 32 -5.3333333333325e-01
8 32 -4.4444444444440e-01
13 32 -7.1111111111094e-01
14 32  1.1990408665952e-14
22 32 -5.3333333333323e-01
23 32 -4.4444444444441e-01
24 32 -5.3333333333329e-01
25 32  4.4444444444441e-01
26 32 -2.4888888888888e+00
27 32 -5.3290705182007e-15
28 32 -7.1111111111112e-01
29 32  5.2180482157382e-15
30 32 -2.4888888888887e+00
31 32  0.0000000000000e+00
32 32  8.5333333333327e+00
33 32 -3.0609259982628e-14
34 32 -1.1102230246252e-16
35 32  8.8888888888883e-02
36 32 -1.9428902930940e-15
5 33  4.4444444444441e-01
6 33 -5.3333333333330e-01
7 33 -4.4444444444441e-01
8 33 -5.3333333333324e-01
13 33  1.2878587085652e-14
14 33 -2.4888888888885e+00
22 33 -4.4444444444441e-01
23 33 -5.3333333333325e-01
24 33  4.4444444444441e-01
25 33 -5.3333333333327e-01
26 33 -5.3290705182007e-15
27 33 -7.1111111111115e-01
28 33  7.3274719625260e-15
29 33 -2.4888888888887e+00
30 33  8.8817841970013e-16
31 33 -7.1111111111113e-01
32 33 -3.0609259982628e-14
33 33  8.5333333333326e+00
34 33 -2.2204460492503e-16
35 33 -5.6539135513317e-16
36 33  8.8888888888881e-02
5 34  1.6666666666667e-02
6 34 -1.6666666666665e-02
7 34 -1.6666666666666e-02
8 34 -1.6666666666665e-02
13 34  6.0856669497973e-16
14 34 -6.6666666666667e-02
22 34  1.6666666666663e-02
23 34  1.6666666666665e-02
24 34 -1.6666666666665e-02
25 34  1.6666666666665e-02
26 34  6.6666666666667e-02
27 34  1.6653345369377e-16
28 34  5.4328969306887e-16
29 34  6.6666666666666e-02
30 34 -6.6666666666668e-02
31 34 -1.1102230246252e-16
32 34  1.1102230246252e-16
33 34  2.2204460492503e-16
5 35  1.1111111111111e-02
6 35 -1.6666666666665e-02
7 35  1.1111111111109e-02
8 35  1.6666666666665e-02
13 35 -2.2222222222220e-02
14 35  4.0939474033053e-16
22 35  1.1111111111108e-02
23 35  1.6666666666665e-02
24 35  1.1111111111109e-02
25 35 -1.6666666666665e-02
26 35  4.4444444444442e-02
27 35  1.6653345369377e-16
28 35 -2.2222222222217e-02
29 35 -4.0245584642662e-16
30 35  4.4444444444442e-02
31 35  5.5511151231258e-17
32 35 -8.8888888888883e-02
33 35  5.6539135513317e-16
5 36 -1.6666666666666e-02
6 36  1.1111111111109e-02
7 36  1.6666666666666e-02
8 36  1.1111111111109e-02
13 36  5.5511151231258e-17
14 36  4.4444444444441e-02
22 36  1.6666666666664e-02
23 36  1.1111111111109e-02
24 36 -1.6666666666665e-02
25 36  1.1111111111109e-02
26 36 -8.8817841970013e-16
27 36 -2.2222222222218e-02
28 36  7.9797279894933e-16
29 36  4.4444444444441e-02
30 36  4.9960036108132e-16
31 36 -2.2222222222218e-02
32 36  1.9428902930940e-15
33 36 -8.8888888888881e-02
22 37 -2.2222222222224e-01
23 37  4.4408920985006e-16
24 37 -3.3333333333320e-02
25 37 -2.7777777777772e-02
28 37  1.9999999999998e-01
29 37  1.1111111111109e-01
37 37  3.7333333333326e+00
38 37  3.5527136788005e-14
39 37  2.2222222222183e-02
40 37  3.1086244689504e-15
41 37 -8.8888888888971e-02
42 37 -3.3750779948605e-14
43 37 -1.1111111111109e+00
44 37  0.0000000000000e+00
45 37  1.3333333333331e-01
46 37  1.1111111111110e-01
47 37 -5.3333333333328e-01
48 37 -4.4444444444442e-01
49 37 -1.6666666666663e-02
50 37 -1.1111111111108e-02
51 37 -1.6666666666663e-02
52 37 -2.2222222222224e-01
53 37  6.2172489379009e-15
54 37 -3.3333333333325e-02
55 37  2.7777777777772e-02
56 37 -8.8888888888540e-02
57 37 -1.7763568394003e-14
58 37  1.9999999999999e-01
59 37 -1.1111111111109e-01
60 37  1.3333333333333e-01
61 37 -1.1111111111111e-01
62 37 -5.3333333333341e-01
63 37  4.4444444444441e-01
64 37 -1.6666666666668e-02
65 37 -1.1111111111112e-02
66 37  1.6666666666666e-02
172 37 -3.3333333333322e-02
173 37  2.7777777777772e-02
176 37  1.9999999999996e-01
177 37 -1.1111111111109e-01
183 37  2.2222222222187e-02
184 37  8.8817841970013e-16
185 37  1.3333333333330e-01
186 37 -1.1111111111110e-01
187 37 -1.1111111111107e+00
188 37  3.0198066269804e-14
189 37 -5.3333333333315e-01
190 37  4.4444444444440e-01
191 37  1.6666666666660e-02
192 37 -1.1111111111106e-02
193 37  1.6666666666661e-02
194 37 -3.3333333333322e-02
195 37 -2.7777777777772e-02
196 37  1.3333333333331e-01
197 37  1.1111111111110e-01
198 37  1.9999999999999e-01
199 37  1.1111111111109e-01
200 37 -5.3333333333344e-01
201 37 -4.4444444444442e-01
202 37  1.6666666666669e-02
203 37 -1.1111111111113e-02
204 37 -1.6666666666667e-02
22 38 -8.8817841970013e-16
23 38  2.2222222222158e-02
24 38 -2.7777777777772e-02
25 38 -3.3333333333320e-02
28 38  1.1111111111110e-01
29 38  1.3333333333330e-01
37 38  3.5527136788005e-14
38 38  3.7333333333327e+00
39 38  3.5527136788005e-15
40 38 -2.2222222222222e-01
41 38 -3.0198066269804e-14
42 38 -1.1111111111110e+00
43 38 -1.7763568394003e-15
44 38 -8.8888888888882e-02
45 38  1.1111111111109e-01
46 38  1.9999999999998e-01
47 38 -4.4444444444442e-01
48 38 -5.3333333333329e-01
49 38 -1.6666666666664e-02
50 38 -1.6666666666664e-02
51 38 -1.1111111111109e-02
52 38  4.8849813083507e-15
53 38  2.2222222222158e-02
54 38  2.7777777777772e-02
55 38 -3.3333333333323e-02
56 38 -1.4210854715202e-14
57 38 -1.1111111111106e+00
58 38 -1.1111111111110e-01
59 38  1.3333333333331e-01
60 38 -1.1111111111109e-01
61 38  1.9999999999998e-01
62 38  4.4444444444442e-01
63 38 -5.3333333333330e-01
64 38  1.6666666666664e-02
65 38  1.6666666666664e-02
66 38 -1.1111111111109e-02
172 38  2.7777777777772e-02
173 38 -3.3333333333321e-02
176 38 -1.1111111111110e-01
177 38  1.3333333333331e-01
183 38  8.8817841970013e-16
184 38 -2.2222222222221e-01
185 38 -1.1111111111109e-01
186 38  1.9999999999998e-01
187 38  2.8421709430404e-14
188 38 -8.8888888888663e-02
189 38  4.4444444444440e-01
190 38 -5.3333333333328e-01
191 38 -1.6666666666666e-02
192 38  1.6666666666665e-02
193 38 -1.1111111111110e-02
194 38 -2.7777777777772e-02
195 38 -3.3333333333320e-02
196 38  1.1111111111109e-01
197 38  1.9999999999995e-01
198 38  1.1111111111110e-01
199 38  1.3333333333333e-01
200 38 -4.4444444444442e-01
201 38 -5.3333333333336e-01
202 38  1.6666666666667e-02
203 38 -1.6666666666666e-02
204 38 -1.1111111111110e-02
39 39  1.0000000000000e+00
40 40  1.0000000000000e+00
22 41 -8.8888888888582e-02
23 41 -1.5987211554602e-14
24 41  1.3333333333329e-01
25 41  1.1111111111109e-01
28 41 -5.3333333333329e-01
29 41 -4.4444444444435e-01
37 41 -8.8888888888971e-02
38 41 -3.0198066269804e-14
39 41  1.3333333333332e-01
40 41 -1.1111111111109e-01
41 41  6.3999999999995e+00
42 41  3.7303493627405e-14
43 41 -5.3333333333320e-01
44 41  4.4444444444435e-01
45 41  1.7777777777769e-01
46 41  4.6629367034257e-15
47 41 -2.4888888888888e+00
48 41  2.6645352591004e-15
49 41 -6.6666666666667e-02
50 41 -4.4444444444441e-02
51 41  3.2196467714130e-15
172 41  1.3333333333331e-01
173 41 -1.1111111111109e-01
176 41 -5.3333333333326e-01
177 41  4.4444444444435e-01
183 41  1.3333333333331e-01
184 41  1.1111111111109e-01
185 41  1.7777777777771e-01
186 41  2.2204460492503e-15
187 41 -5.3333333333331e-01
188 41 -4.4444444444437e-01
189 41 -2.4888888888887e+00
190 41  2.2204460492503e-14
191 41  6.6666666666667e-02
192 41 -4.4444444444441e-02
193 41 -1.0547118733939e-15
22 42 -8.8817841970013e-15
23 42 -1.1111111111106e+00
24 42  1.1111111111110e-01
25 42  1.9999999999995e-01
28 42 -4.4444444444446e-01
29 42 -5.3333333333322e-01
37 42 -3.3750779948605e-14
38 42 -1.1111111111110e+00
39 42 -1.1111111111110e-01
40 42  1.9999999999998e-01
41 42  3.7303493627405e-14
42 42  5.3333333333326e+00
43 42  4.4444444444445e-01
44 42 -5.3333333333323e-01
45 42  4.6629367034257e-15
46 42 -1.7777777777779e-01
47 42  0.0000000000000e+00
48 42 -7.1111111111115e-01
49 42 -7.2164496600635e-16
50 42 -4.9960036108132e-16
51 42  2.2222222222217e-02
172 42 -1.1111111111110e-01
173 42  1.9999999999996e-01
176 42  4.4444444444445e-01
177 42 -5.3333333333324e-01
183 42  1.1111111111110e-01
184 42  1.9999999999998e-01
185 42  1.5543122344752e-15
186 42 -1.7777777777778e-01
187 42 -4.4444444444448e-01
188 42 -5.3333333333334e-01
189 42  2.7533531010704e-14
190 42 -7.1111111111106e-01
191 42  8.8817841970013e-16
192 42 -6.6613381477509e-16
193 42  2.2222222222219e-02
22 43  1.9999999999997e-01
23 43 -1.1111111111110e-01
24 43  1.9999999999996e-01
25 43  1.1111111111110e-01
28 43 -1.7777777777781e-01
29 43  1.4734441376199e-15
37 43 -1.1111111111109e+00
38 43 -1.7763568394003e-15
39 43 -1.1111111111108e+00
40 43 -1.4210854715202e-14
41 43 -5.3333333333320e-01
42 43  4.4444444444445e-01
43 43  5.3333333333326e+00
44 43 -5.4488992193463e-14
45 43 -5.3333333333315e-01
46 43 -4.4444444444445e-01
47 43 -7.1111111111130e-01
48 43  2.5868196473766e-14
49 43 -1.8469450934349e-16
50 43  2.2222222222214e-02
51 43 -2.3592239273285e-16
52 43  1.9999999999998e-01
53 43  1.1111111111110e-01
54 43  1.9999999999998e-01
55 43 -1.1111111111111e-01
56 43 -5.3333333333322e-01
57 43 -4.4444444444446e-01
58 43 -1.7777777777781e-01
59 43  5.5812693287330e-15
60 43 -5.3333333333335e-01
61 43  4.4444444444447e-01
62 43 -7.1111111111101e-01
63 43  2.0761170560490e-14
64 43 -8.2838400062697e-16
65 43  2.2222222222220e-02
66 43 -3.0531133177192e-16
22 44 -1.1111111111109e-01
23 44  1.3333333333330e-01
24 44  1.1111111111109e-01
25 44  1.3333333333330e-01
28 44  1.9175333474700e-15
29 44  1.7777777777768e-01
37 44  0.0000000000000e+00
38 44 -8.8888888888882e-02
39 44 -1.9539925233403e-14
40 44 -8.8888888888746e-02
41 44  4.4444444444435e-01
42 44 -5.3333333333323e-01
43 44 -5.4488992193463e-14
44 44  6.3999999999996e+00
45 44 -4.4444444444434e-01
46 44 -5.3333333333322e-01
47 44  2.9753977059954e-14
48 44 -2.4888888888890e+00
49 44 -6.6666666666666e-02
50 44  9.0205620750794e-16
51 44 -4.4444444444440e-02
52 44  1.1111111111109e-01
53 44  1.3333333333330e-01
54 44 -1.1111111111109e-01
55 44  1.3333333333332e-01
56 44 -4.4444444444435e-01
57 44 -5.3333333333319e-01
58 44  5.2482024213454e-15
59 44  1.7777777777767e-01
60 44  4.4444444444437e-01
61 44 -5.3333333333332e-01
62 44  2.1871393585116e-14
63 44 -2.4888888888886e+00
64 44  6.6666666666666e-02
65 44 -8.4654505627668e-16
66 44 -4.4444444444440e-02
45 45  1.0000000000000e+00
46 46  1.0000000000000e+00
22 47 -5.3333333333332e-01
23 47  4.4444444444441e-01
24 47 -5.3333333333322e-01
25 47 -4.4444444444440e-01
28 47 -7.1111111111081e-01
29 47  2.0095036745715e-14
37 47 -5.3333333333328e-01
38 47 -4.4444444444442e-01
39 47 -5.3333333333334e-01
40 47  4.4444444444442e-01
41 47 -2.4888888888888e+00
42 47  0.0000000000000e+00
43 47 -7.1111111111130e-01
44 47  2.9753977059954e-14
45 47 -2.4888888888887e+00
46 47 -1.8651746813703e-14
47 47  8.5333333333327e+00
48 47 -3.8454836023313e-14
49 47  6.6613381477509e-16
50 47  8.8888888888884e-02
51 47 -2.8033131371785e-15
22 48  4.4444444444441e-01
23 48 -5.3333333333326e-01
24 48 -4.4444444444440e-01
25 48 -5.3333333333324e-01
28 48  1.7097434579227e-14
29 48 -2.4888888888884e+00
37 48 -4.4444444444442e-01
38 48 -5.3333333333329e-01
39 48  4.4444444444441e-01
40 48 -5.3333333333332e-01
41 48  2.6645352591004e-15
42 48 -7.1111111111115e-01
43 48  2.5868196473766e-14
44 48 -2.4888888888890e+00
45 48 -1.6875389974302e-14
46 48 -7.1111111111105e-01
47 48 -3.8454836023313e-14
48 48  8.5333333333326e+00
49 48  2.2204460492503e-16
50 48 -2.5082816482273e-16
51 48  8.8888888888881e-02
22 49  1.6666666666668e-02
23 49 -1.6666666666665e-02
24 49 -1.6666666666665e-02
25 49 -1.6666666666665e-02
28 49 -5.3163920453885e-16
29 49 -6.6666666666666e-02
37 49  1.6666666666663e-02
38 49  1.6666666666664e-02
39 49 -1.6666666666665e-02
40 49  1.6666666666666e-02
41 49  6.6666666666667e-02
42 49  7.2164496600635e-16
43 49  1.8469450934349e-16
44 49  6.6666666666666e-02
45 49 -6.6666666666666e-02
46 49  5.5511151231258e-17
47 49 -6.6613381477509e-16
48 49 -2.2204460492503e-16
22 50  1.1111111111111e-02
23 50 -1.6666666666665e-02
24 50  1.1111111111109e-02
25 50  1.6666666666665e-02
28 50 -2.2222222222222e-02
29 50  5.9674487573602e-16
37 50  1.1111111111108e-02
38 50  1.6666666666664e-02
39 50  1.1111111111109e-02
40 50 -1.6666666666665e-02
41 50  4.4444444444441e-02
42 50  4.9960036108132e-16
43 50 -2.2222222222214e-02
44 50 -9.0205620750794e-16
45 50  4.4444444444441e-02
46 50  1.6653345369377e-16
47 50 -8.8888888888884e-02
48 50  2.5082816482273e-16
22 51 -1.6666666666667e-02
23 51  1.1111111111109e-02
24 51  1.6666666666665e-02
25 51  1.1111111111109e-02
28 51  5.7592819402430e-16
29 51  4.4444444444441e-02
37 51  1.6666666666663e-02
38 51  1.1111111111109e-02
39 51 -1.6666666666664e-02
40 51  1.1111111111109e-02
41 51 -3.2196467714130e-15
42 51 -2.2222222222217e-02
43 51  2.3592239273285e-16
44 51  4.4444444444440e-02
45 51  2.4980018054066e-15
46 51 -2.2222222222219e-02
47 51  2.8033131371785e-15
48 51 -8.8888888888881e-02
37 52 -2.2222222222224e-01
38 52  4.8849813083507e-15
39 52 -3.3333333333321e-02
40 52 -2.7777777777772e-02
43 52  1.9999999999998e-01
44 52  1.1111111111109e-01
52 52  3.7333333333325e+00
53 52  4.3520742565306e-14
54 52  2.2222222222148e-02
55 52  8.8817841970013e-16
56 52 -8.8888888889025e-02
57 52 -2.3092638912203e-14
58 52 -1.1111111111108e+00
59 52 -1.4210854715202e-14
60 52  1.3333333333330e-01
61 52  1.1111111111110e-01
62 52 -5.3333333333319e-01
63 52 -4.4444444444441e-01
64 52 -1.6666666666663e-02
65 52 -1.1111111111107e-02
66 52 -1.6666666666664e-02
67 52 -2.2222222222225e-01
68 52 -2.2204460492503e-15
69 52 -3.3333333333320e-02
70 52  2.7777777777772e-02
71 52 -8.8888888888814e-02
72 52 -1.7763568394003e-14
73 52  1.9999999999999e-01
74 52 -1.1111111111109e-01
75 52  1.3333333333330e-01
76 52 -1.1111111111110e-01
77 52 -5.3333333333327e-01
78 52  4.4444444444441e-01
79 52 -1.6666666666663e-02
80 52 -1.1111111111108e-02
81 52  1.6666666666664e-02
183 52 -3.3333333333321e-02
184 52  2.7777777777772e-02
187 52  1.9999999999994e-01
188 52 -1.1111111111109e-01
194 52  2.2222222222134e-02
195 52 -3.1086244689504e-15
196 52  1.3333333333328e-01
197 52 -1.1111111111110e-01
198 52 -1.1111111111105e+00
199 52  3.3750779948605e-14
200 52 -5.3333333333306e-01
201 52  4.4444444444439e-01
202 52  1.6666666666659e-02
203 52 -1.1111111111105e-02
204 52  1.6666666666662e-02
205 52 -3.3333333333322e-02
206 52 -2.7777777777772e-02
207 52  1.3333333333332e-01
208 52  1.1111111111110e-01
209 52  1.9999999999999e-01
210 52  1.1111111111109e-01
211 52 -5.3333333333337e-01
212 52 -4.4444444444442e-01
213 52  1.6666666666665e-02
214 52 -1.1111111111110e-02
215 52 -1.6666666666665e-02
37 53  6.2172489379009e-15
38 53  2.2222222222158e-02
39 53 -2.7777777777772e-02
40 53 -3.3333333333320e-02
43 53  1.1111111111110e-01
44 53  1.3333333333330e-01
52 53  4.3520742565306e-14
53 53  3.7333333333326e+00
54 53 -1.7763568394003e-15
55 53 -2.2222222222224e-01
56 53 -2.4868995751604e-14
57 53 -1.1111111111111e+00
58 53 -1.7763568394003e-15
59 53 -8.8888888888806e-02
60 53  1.1111111111109e-01
61 53  1.9999999999997e-01
62 53 -4.4444444444441e-01
63 53 -5.3333333333321e-01
64 53 -1.6666666666664e-02
65 53 -1.6666666666664e-02
66 53 -1.1111111111108e-02
67 53 -8.8817841970013e-16
68 53  2.2222222222147e-02
69 53  2.7777777777772e-02
70 53 -3.3333333333320e-02
71 53 -2.1316282072803e-14
72 53 -1.1111111111109e+00
73 53 -1.1111111111110e-01
74 53  1.3333333333331e-01
75 53 -1.1111111111109e-01
76 53  1.9999999999997e-01
77 53  4.4444444444441e-01
78 53 -5.3333333333326e-01
79 53  1.6666666666663e-02
80 53  1.6666666666664e-02
81 53 -1.1111111111108e-02
183 53  2.7777777777772e-02
184 53 -3.3333333333321e-02
187 53 -1.1111111111110e-01
188 53  1.3333333333330e-01
194 53 -3.9968028886506e-15
195 53 -2.2222222222226e-01
196 53 -1.1111111111108e-01
197 53  1.9999999999997e-01
198 53  3.1974423109205e-14
199 53 -8.8888888888531e-02
200 53  4.4444444444439e-01
201 53 -5.3333333333324e-01
202 53 -1.6666666666667e-02
203 53  1.6666666666666e-02
204 53 -1.1111111111110e-02
205 53 -2.7777777777772e-02
206 53 -3.3333333333319e-02
207 53  1.1111111111109e-01
208 53  1.9999999999997e-01
209 53  1.1111111111110e-01
210 53  1.3333333333332e-01
211 53 -4.4444444444442e-01
212 53 -5.3333333333335e-01
213 53  1.6666666666667e-02
214 53 -1.6666666666666e-02
215 53 -1.1111111111110e-02
54 54  1.0000000000000e+00
55 55  1.0000000000000e+00
37 56 -8.8888888888540e-02
38 56 -1.4210854715202e-14
39 56  1.3333333333330e-01
40 56  1.1111111111109e-01
43 56 -5.3333333333322e-01
44 56 -4.4444444444435e-01
52 56 -8.8888888889025e-02
53 56 -2.4868995751604e-14
54 56  1.3333333333330e-01
55 56 -1.1111111111109e-01
56 56  6.3999999999994e+00
57 56  3.3750779948605e-14
58 56 -5.3333333333330e-01
59 56  4.4444444444436e-01
60 56  1.7777777777771e-01
61 56  2.6645352591004e-15
62 56 -2.4888888888889e+00
63 56  0.0000000000000e+00
64 56 -6.6666666666667e-02
65 56 -4.4444444444441e-02
66 56  8.8817841970013e-16
183 56  1.3333333333333e-01
184 56 -1.1111111111109e-01
187 56 -5.3333333333326e-01
188 56  4.4444444444435e-01
194 56  1.3333333333331e-01
195 56  1.1111111111109e-01
196 56  1.7777777777767e-01
197 56 -2.2204460492503e-15
198 56 -5.3333333333335e-01
199 56 -4.4444444444438e-01
200 56 -2.4888888888885e+00
201 56  3.1086244689504e-14
202 56  6.6666666666667e-02
203 56 -4.4444444444441e-02
204 56 -3.3306690738755e-16
37 57 -1.7763568394003e-14
38 57 -1.1111111111106e+00
39 57  1.1111111111110e-01
40 57  1.9999999999995e-01
43 57 -4.4444444444446e-01
44 57 -5.3333333333319e-01
52 57 -2.3092638912203e-14
53 57 -1.1111111111111e+00
54 57 -1.1111111111110e-01
55 57  1.9999999999997e-01
56 57  3.3750779948605e-14
57 57  5.3333333333326e+00
58 57  4.4444444444446e-01
59 57 -5.3333333333328e-01
60 57  2.6645352591004e-15
61 57 -1.7777777777778e-01
62 57  2.6645352591004e-15
63 57 -7.1111111111123e-01
64 57  5.5511151231258e-17
65 57  1.1102230246252e-16
66 57  2.2222222222216e-02
183 57 -1.1111111111111e-01
184 57  1.9999999999997e-01
187 57  4.4444444444445e-01
188 57 -5.3333333333328e-01
194 57  1.1111111111111e-01
195 57  1.9999999999999e-01
196 57 -1.9984014443253e-15
197 57 -1.7777777777780e-01
198 57 -4.4444444444448e-01
199 57 -5.3333333333339e-01
200 57  3.1974423109205e-14
201 57 -7.1111111111091e-01
202 57  1.1102230246252e-16
203 57  0.0000000000000e+00
204 57  2.2222222222221e-02
37 58  1.9999999999999e-01
38 58 -1.1111111111110e-01
39 58  1.9999999999997e-01
40 58  1.1111111111110e-01
43 58 -1.7777777777781e-01
44 58  5.2482024213454e-15
52 58 -1.1111111111108e+00
53 58 -1.7763568394003e-15
54 58 -1.1111111111107e+00
55 58  1.2434497875802e-14
56 58 -5.3333333333330e-01
57 58  4.4444444444446e-01
58 58  5.3333333333325e+00
59 58  4.9226740653595e-15
60 58 -5.3333333333327e-01
61 58 -4.4444444444446e-01
62 58 -7.1111111111107e-01
63 58  3.3306690738755e-15
64 58  4.8143930543161e-16
65 58  2.2222222222217e-02
66 58  2.6367796834848e-16
67 58  1.9999999999998e-01
68 58  1.1111111111110e-01
69 58  1.9999999999997e-01
70 58 -1.1111111111110e-01
71 58 -5.3333333333324e-01
72 58 -4.4444444444446e-01
73 58 -1.7777777777782e-01
74 58 -3.7870940951103e-15
75 58 -5.3333333333320e-01
76 58  4.4444444444445e-01
77 58 -7.1111111111114e-01
78 58 -1.1213252548714e-14
79 58 -7.9977177144292e-16
80 58  2.2222222222217e-02
81 58  8.3266726846887e-16
37 59 -1.1111111111109e-01
38 59  1.3333333333331e-01
39 59  1.1111111111109e-01
40 59  1.3333333333331e-01
43 59  5.5812693287330e-15
44 59  1.7777777777767e-01
52 59 -1.4210854715202e-14
53 59 -8.8888888888806e-02
54 59  1.7763568394003e-14
55 59 -8.8888888888720e-02
56 59  4.4444444444436e-01
57 59 -5.3333333333328e-01
58 59  4.9226740653595e-15
59 59  6.3999999999994e+00
60 59 -4.4444444444436e-01
61 59 -5.3333333333330e-01
62 59  1.2212453270876e-15
63 59 -2.4888888888887e+00
64 59 -6.6666666666666e-02
65 59  8.0491169285324e-16
66 59 -4.4444444444440e-02
67 59  1.1111111111109e-01
68 59  1.3333333333330e-01
69 59 -1.1111111111109e-01
70 59  1.3333333333330e-01
71 59 -4.4444444444435e-01
72 59 -5.3333333333323e-01
73 59 -4.8973171197354e-15
74 59  1.7777777777765e-01
75 59  4.4444444444435e-01
76 59 -5.3333333333325e-01
77 59 -1.0880185641326e-14
78 59 -2.4888888888888e+00
79 59  6.6666666666666e-02
80 59 -1.0477729794900e-15
81 59 -4.4444444444440e-02
60 60  1.0000000000000e+00
61 61  1.0000000000000e+00
37 62 -5.3333333333341e-01
38 62  4.4444444444442e-01
39 62 -5.3333333333329e-01
40 62 -4.4444444444440e-01
43 62 -7.1111111111101e-01
44 62  2.1871393585116e-14
52 62 -5.3333333333319e-01
53 62 -4.4444444444441e-01
54 62 -5.3333333333322e-01
55 62  4.4444444444441e-01
56 62 -2.4888888888889e+00
57 62  2.6645352591004e-15
58 62 -7.1111111111107e-01
59 62  1.2212453270876e-15
60 62 -2.4888888888887e+00
61 62 -4.4408920985006e-15
62 62  8.5333333333327e+00
63 62 -3.7879164825358e-14
64 62  2.3869795029441e-15
65 62  8.8888888888883e-02
66 62 -1.6098233857065e-15
37 63  4.4444444444441e-01
38 63 -5.3333333333330e-01
39 63 -4.4444444444440e-01
40 63 -5.3333333333329e-01
43 63  2.0761170560490e-14
44 63 -2.4888888888886e+00
52 63 -4.4444444444441e-01
53 63 -5.3333333333321e-01
54 63  4.4444444444441e-01
55 63 -5.3333333333328e-01
56 63  0.0000000000000e+00
57 63 -7.1111111111123e-01
58 63  3.3306690738755e-15
59 63 -2.4888888888887e+00
60 63 -5.3290705182007e-15
61 63 -7.1111111111105e-01
62 63 -3.7879164825358e-14
63 63  8.5333333333326e+00
64 63 -2.2204460492503e-16
65 63 -4.8623656541452e-16
66 63  8.8888888888881e-02
37 64  1.6666666666668e-02
38 64 -1.6666666666664e-02
39 64 -1.6666666666665e-02
40 64 -1.6666666666666e-02
43 64  8.2838400062697e-16
44 64 -6.6666666666666e-02
52 64  1.6666666666663e-02
53 64  1.6666666666664e-02
54 64 -1.6666666666663e-02
55 64  1.6666666666666e-02
56 64  6.6666666666667e-02
57 64 -5.5511151231258e-17
58 64 -4.8143930543161e-16
59 64  6.6666666666666e-02
60 64 -6.6666666666668e-02
61 64 -1.6653345369377e-16
62 64 -2.3869795029441e-15
63 64  2.2204460492503e-16
37 65  1.1111111111112e-02
38 65 -1.6666666666664e-02
39 65  1.1111111111110e-02
40 65  1.6666666666665e-02
43 65 -2.2222222222220e-02
44 65  8.4654505627668e-16
52 65  1.1111111111107e-02
53 65  1.6666666666664e-02
54 65  1.1111111111107e-02
55 65 -1.6666666666665e-02
56 65  4.4444444444441e-02
57 65 -1.1102230246252e-16
58 65 -2.2222222222217e-02
59 65 -8.0491169285324e-16
60 65  4.4444444444442e-02
61 65  5.5511151231258e-17
62 65 -8.8888888888883e-02
63 65  4.8623656541452e-16
37 66 -1.6666666666666e-02
38 66  1.1111111111109e-02
39 66  1.6666666666665e-02
40 66  1.1111111111109e-02
43 66  3.0531133177192e-16
44 66  4.4444444444440e-02
52 66  1.6666666666664e-02
53 66  1.1111111111108e-02
54 66 -1.6666666666664e-02
55 66  1.1111111111110e-02
56 66 -8.8817841970013e-16
57 66 -2.2222222222216e-02
58 66 -2.6367796834848e-16
59 66  4.4444444444440e-02
60 66  8.8817841970013e-16
61 66 -2.2222222222219e-02
62 66  1.6098233857065e-15
63 66 -8.8888888888881e-02
52 67 -2.2222222222225e-01
53 67 -8.8817841970013e-16
54 67 -3.3333333333323e-02
55 67 -2.7777777777772e-02
58 67  1.9999999999998e-01
59 67  1.1111111111109e-01
67 67  3.7333333333326e+00
68 67 -5.7731597280508e-14
69 67  2.2222222222168e-02
70 67 -1.3322676295502e-15
71 67 -8.8888888888679e-02
72 67 -1.7763568394003e-14
73 67 -1.1111111111109e+00
74 67 -1.0658141036401e-14
75 67  1.3333333333331e-01
76 67  1.1111111111110e-01
